645.00 0.00
43 2
645.00 720.00
43 2
0.00 360.00
2 24
1290.00 360.00
2 24
525.00 135.00
17 1
525.00 165.00
17 1
765.00 195.00
33 1
735.00 225.00
35 1
60.00 285.00
2 1
840.00 375.00
4 1
510.00 405.00
12 1
1215.00 405.00
3 1
120.00 435.00
6 1
510.00 435.00
12 1
1020.00 435.00
2 1
120.00 465.00
6 1
510.00 465.00
12 1
255.00 495.00
15 1
255.00 525.00
15 1
120.00 555.00
6 1
120.00 585.00
6 1
1200.00 585.00
4 1
120.00 615.00
6 1
1200.00 615.00
4 1
120.00 645.00
6 1
1200.00 645.00
4 1
120.00 675.00
6 1
1200.00 675.00
4 1
